ZERO:4.12981e-190
ONE:1.41276e-180
TWO:2.8553e-127
THREE:5.6923e-210
FOUR:3.29468e-184
FIVE:8.79993e-206
SIX:2.71377e-273
SEVEN:1.25721e-195
EIGHT:8.9865e-172
NINE:3.86671e-254
DIGIT RECOGNIZED:TWO
